25,4
25,1
25,3
24,4
24,1
24,3
36,35
3,2
3,1
3,3
10,220
10,262
10,148
10,190
10,88
10,248
10,74
10,1
10,276
10,2
10,3
11,8
11,18
11,6
11,16
11,26
11,1
11,20
11,2
11,3
9,7
9,4
9,1
9,6
9,2
9,3
8,10
8,16
8,12
8,9
8,13
8,1
8,18
8,2
8,3
12,2
12,1
12,3
20,2
20,1
20,3
19,2
19,1
19,3
18,1
18,3
14,3
13,1
13,3
2,2
2,1
2,3
35,7
35,6
35,5
35,4
35,3
35,2
35,1
35,0
34,5
34,4
34,3
34,2
34,1
34,0
33,11
33,10
33,9
33,8
33,7
33,6
33,5
33,4
33,3
33,2
33,1
33,0
32,4
32,3
32,2
32,1
32,0
31,8
31,7
31,6
31,5
31,4
31,3
31,2
31,1
31,0
30,5
30,4
30,3
30,2
30,1
30,0
29,4
29,3
29,2
29,1
29,0
